473.52
151.21
441.70
140.33
453.49
133.68
444.45
233.74
245.98
257.58
182.89
128.23
198.55
397.02
195.37
439.14
441.50
327.84
422.76
389.26
360.61
139.22
245.98
200.79
451.19
255.94
260.92
210.22
186.99
440.18
260.96
347.61
344.62
236.18
199.11
200.26
337.78
141.37
388.99
356.01
138.46
250.85
203.03
330.59
133.84
143.90
424.98
193.64
332.27
263.60
425.00
343.70
181.83
443.06
352.24
362.05
425.64
318.52
139.22
436.51
134.63
199.40
295.45
196.25
442.79
326.19
261.56
417.24
427.73
424.98
257.58
343.29
128.23
441.70
198.00
391.15
143.30
360.32
335.30
201.44
202.24
199.05
197.70
151.21
328.74
430.48
236.18
222.46
192.62
257.57
250.85
259.53
391.15
192.74
265.22
338.58
345.64
238.82
331.40
332.02
872.09
1501.32
851.38
1699.98
1280.43
611.90
1143.42
1521.14
808.36
1388.25
731.95
1498.27
1524.64
1583.54
1551.06
1506.57
778.71
723.45
1283.93
731.95
1727.24
1618.24
812.50
1212.29
712.12
1568.14
833.40
796.65
628.85
855.34
1477.23
914.16
1094.26
880.46
1383.33
806.79
1107.16
1514.65
1319.16
829.39
716.64
935.63
1042.62
802.14
972.22
1382.17
1591.68
1487.53
888.49
1474.48
877.94
1504.36
973.15
1382.39
1367.45
527.30
1240.98
1062.04
882.45
731.28
1369.28
563.02
1166.19
819.18
1494.05
1419.55
761.67
697.37
1689.57
452.45
757.55
931.49
819.59
1235.07
1286.99
1465.15
1436.67
801.34
745.52
742.47
1452.57
1218.12
896.99
1703.84
881.94
1067.01
751.98
902.00
882.20
1396.37
1586.48
1261.69
934.32
556.61
486.08
1241.13
962.25
706.53
723.56
892.34
1877.45
1594.40
1524.51
890.37
1573.71
2006.62
1053.78
882.52
1224.11
1718.40
1533.66
1308.20
1308.07
1024.15
1727.71
1705.33
1535.60
1121.79
1851.27
1613.47
1024.91
1365.73
1927.00
1724.39
1783.41
1483.83
1387.37
1444.33
1071.11
1679.16
658.93
1524.48
1142.50
1654.39
1042.05
1790.15
1193.62
1656.47
1678.73
1620.82
1132.35
1522.42
782.10
1609.11
1716.83
1853.49
1973.12
1809.26
1593.01
1779.04
1178.81
1247.68
1950.05
1588.06
1742.66
1100.28
1514.69
880.70
1579.12
1237.45
1503.07
1714.72
1852.90
1302.08
1475.62
1730.96
1773.39
1188.78
1452.54
1907.28
1630.71
1761.02
1499.97
1141.52
955.65
941.94
1806.40
1432.84
1627.75
908.86
1964.26
1190.28
1576.26
2068.82
1478.69
1878.93
1787.66
1072.89
1714.27
1149.42
2006.66
1879.27
1965.61
1963.36
953.40
1394.68
854.32
1873.61
1649.23
1687.84
1508.69
1045.74
1383.54
822.12
1423.11
837.51
1078.20
1484.30
1385.06
1541.52
1068.71
1243.92
1239.54
1304.16
1188.45
888.01
1000.73
624.17
1132.84
1068.28
1559.84
855.77
754.25
1369.47
1590.63
1084.33
1236.90
1589.07
1165.61
936.42
637.53
701.43
653.01
1995.38
1293.31
759.98
817.34
694.66
962.06
1017.17
716.33
868.44
1210.62
1461.98
970.20
1094.68
1224.67
659.97
1058.15
1181.17
1728.24
987.83
630.88
1141.62
668.20
730.53
1351.53
1333.76
640.86
741.40
788.69
1059.27
1951.63
1234.26
644.90
1660.14
1432.45
909.97
749.36
1193.63
1035.64
1021.02
1345.08
1269.06
1400.65
1144.14
1415.87
598.75
748.84
1199.73
777.27
993.23
1386.82
553.26
1225.89
710.53
1934.71
524.29
1011.02
1359.32
627.10
972.71
656.62
1413.66
1757.73
1111.18
1294.59
848.54
1150.70
1653.49
897.32
754.08
855.80
960.38
788.00
546.24
973.81
880.78
516.05
1143.49
634.54
1198.52
766.27
983.25
539.08
585.56
1182.48
524.35
1436.17
522.44
1092.17
503.12
894.01
876.76
735.07
856.01
1327.99
793.68
482.80
1373.76
453.60
657.79
986.90
987.36
633.05
1542.90
883.77
874.70
770.91
1098.18
1059.49
905.70
521.37
652.20
538.12
1048.95
628.76
911.20
1179.63
693.41
305.45
267.68
269.27
688.92
1138.55
469.85
861.08
807.57
420.43
919.21
772.29
777.84
824.66
828.15
1194.64
500.41
893.96
1122.28
1207.98
324.69
762.61
926.44
1188.21
1019.38
679.50
765.36
1124.11
1144.45
841.13
337.32
553.08
679.68
276.09
383.72
677.97
634.49
1267.28
846.53
752.08
1145.49
510.43
618.16
306.82
768.83
336.53
347.26
1155.87
880.61
804.30
761.35
1050.59
826.00
621.43
297.83
1149.65
242.97
759.15
628.39
743.85
635.48
899.19
726.73
657.90
437.01
270.23
789.03
772.59
1221.46
899.44
418.48
1044.28
751.07
1215.07
303.27
628.71
534.47
607.82
776.90
786.43
339.26
670.39
956.42
724.68
560.01
266.02
948.81
1053.72
275.40
1117.97
513.39
917.98
1119.99
861.89
307.72
523.54
315.21
1172.99
1160.90
333.08
764.51
1486.19
1194.78
1240.84
1437.60
1218.62
497.36
687.75
747.54
970.89
1449.07
718.39
1409.53
951.57
685.31
1471.26
706.35
714.99
614.51
992.68
1431.16
595.32
602.97
854.65
1481.50
1337.41
728.46
1466.60
681.17
1273.29
641.36
636.74
1168.49
624.87
585.56
777.11
1509.10
1382.78
920.96
1094.81
1276.60
1511.68
893.67
1023.69
1507.80
776.56
1344.66
1069.92
1064.80
813.44
1228.20
1441.97
775.19
1551.63
1412.75
596.93
1402.69
818.23
629.64
728.54
1498.85
898.59
971.96
1167.42
1550.09
1480.03
828.91
1067.29
1295.28
1475.50
704.13
1498.99
473.61
1406.65
521.33
868.18
1286.99
1292.08
765.07
1487.39
1036.11
829.54
687.12
749.26
1528.49
928.31
691.23
1513.18
1417.91
790.10
1510.35
522.39
968.57
665.16
1029.65
899.96
1150.39
625.75
1346.51
1406.72
781.84
1812.13
2000.23
1964.92
1951.82
1885.63
1983.56
2012.15
2010.74
2032.89
1989.83
2016.98
1979.44
1768.63
1951.41
1889.83
1866.56
1842.46
1937.10
1867.48
1814.58
1795.18
1782.23
2036.58
1945.46
2023.05
1866.51
1898.44
2028.87
1767.93
2042.82
1858.37
1856.36
2004.12
1958.70
2103.91
1813.22
1860.70
1897.17
1946.88
1768.85
1840.75
1950.09
1970.50
1786.99
1773.34
1889.46
1887.21
1809.36
2120.00
2195.97
1908.37
1954.49
1954.03
1985.93
1864.79
1866.49
1997.07
2075.65
1955.95
1926.13
1863.93
1937.65
1900.95
1958.30
1982.54
1822.08
1929.15
1917.67
2035.37
1845.19
2183.99
1940.09
1918.57
1979.50
1858.38
2101.59
1898.63
2016.52
1966.32
1942.77
1950.74
1883.89
1820.17
1941.69
1983.94
1853.29
1893.26
1881.46
1931.44
2037.82
1835.25
1959.29
2099.08
1845.29
1937.09
1776.86
1850.63
2076.31
1763.30
1882.02
1310.73
1211.69
881.47
1844.00
1496.69
799.77
1203.45
1351.88
607.35
1190.17
2165.75
1567.47
1864.99
1707.64
1519.55
1967.21
1751.64
1840.93
1759.79
1380.03
1374.20
2122.13
1768.04
1863.02
1371.06
1418.16
1618.16
857.76
1975.45
1459.35
1680.29
1559.40
1875.65
853.73
1456.14
2052.84
612.49
1862.68
1692.30
372.12
1940.61
1910.87
1135.60
657.82
1197.47
1739.46
1852.32
748.36
1585.79
1423.46
1529.96
1459.99
1221.55
2073.50
1589.40
1098.79
1522.48
1928.86
1224.69
1866.05
1351.02
1030.62
832.12
122.89
1328.47
947.08
1185.64
1973.26
1316.88
825.19
1505.27
1389.49
1389.62
474.38
1549.02
1588.20
1430.97
1660.66
747.32
1642.74
1237.13
914.90
1486.11
1931.92
618.10
1664.21
1510.84
1759.74
970.06
1733.38
2153.64
939.89
1266.24
1347.49
1483.08
1744.23
1807.79
1230.18
1045.87
1162.11
1204.29
1840.19
1550.87
1757.91
1881.21
1784.35
1887.32
1850.26
1313.75
1677.02
1344.47
1269.08
1166.77
1455.27
1459.71
1240.08
1410.35
1424.89
1308.20
1577.12
924.89
1667.23
1770.20
1224.50
1229.83
2170.80
1120.49
1723.79
1421.85
1929.82
540.90
1434.02
1349.99
1116.54
391.61
1453.94
1150.77
1260.07
1749.42
1176.21
944.82
1421.42
815.94
1921.57
1062.83
1965.27
1885.31
1147.58
846.38
1723.34
1691.37
1588.87
1938.36
2160.81
1562.97
727.36
1639.00
793.57
1233.06
1830.32
1877.58
769.33
696.26
1424.63
1608.14
1165.90
780.28
1694.36
1606.56
2015.25
1912.44
1824.08
992.54
1804.05
957.58
1424.91
1540.24
1951.73
1705.87
1744.40
979.98
1839.80
1868.09
1581.42
1593.22
1417.08
503.89
1012.54
732.23
1394.81
2006.47
1992.07
1253.54
1492.03
1174.37
1502.03
1723.63
1756.85
1370.14
1658.07
1512.00
1393.93
1862.78
1565.55
1062.80
1666.23
1350.05
1513.33
1620.55
1959.66
1504.60
1597.21
1804.98
1499.43
1584.86
2207.23
1861.36
2089.21
1558.10
983.60
1091.92
2071.71
1968.92
1956.80
1388.01
1676.81
894.35
436.91
1456.67
1580.27
1217.06
1032.01
1213.76
1895.10
1948.25
1615.33
1763.23
1981.26
2022.76
1702.35
1497.29
1653.37
1792.32
1457.82
2017.81
1468.29
1374.92
1893.09
1787.58
1879.51
601.77
742.46
1869.07
1541.07
1756.83
2050.56
1636.87
1919.43
1614.04
2012.90
1156.40
1772.38
860.69
1422.59
1643.41
1688.43
1211.34
1506.53
994.48
1861.16
1612.57
757.64
1571.56
1803.38
776.71
1263.08
1657.17
1844.91
1878.26
1023.39
924.49
954.54
1003.98
1484.59
1421.80
820.09
1781.85
1103.99
1067.37
1791.28
1553.50
1039.83
1790.82
1243.39
1097.14
1487.23
631.67
1302.85
1184.04
1749.29
742.42
1299.45
1061.50
1879.06
1445.17
1469.99
1843.25
1744.03
929.07
1944.58
1659.22
1031.84
1100.63
1619.94
1557.96
1132.45
1760.83
1813.89
1672.56
1564.68
1453.94
1745.19
667.95
1330.08
1238.25
1618.42
1154.82
1616.78
1848.08
924.15
1487.60
1140.29
1814.26
1501.47
1396.42
591.21
1120.57
1926.65
1691.03
861.67
1836.17
1293.91
1241.97
1851.25
1526.91
1420.56
612.50
1034.54
1790.49
1577.62
930.67
938.81
1836.36
1081.60
1375.93
1735.82
1610.49
1495.43
856.48
1760.18
1637.05
1837.01
1856.23
1393.23
1473.69
1620.86
1857.93
860.69
1692.59
1671.14
1520.01
1464.93
1757.37
776.29
1629.35
1436.72
1917.37
1953.19
1647.93
1594.57
1435.46
1855.26
1733.61
977.69
988.64
1273.23
1278.52
1527.96
1799.05
2114.33
1541.28
1295.20
1279.73
1175.09
1288.09
1211.26
1932.77
1700.21
1764.82
1240.11
1686.07
1700.63
295.50
2062.75
1390.85
1701.57
1584.78
1842.54
1889.29
907.34
623.02
1198.15
705.53
1831.61
1792.43
1873.18
473.27
1421.62
1713.85
1471.53
1595.86
1494.37
1011.67
1748.84
954.46
1620.07
1650.40
1524.08
1957.14
1717.57
759.29
1581.64
627.28
1606.99
1768.00
1756.80
735.60
1413.74
1142.83
969.77
1644.00
877.50
1694.00
1632.28
1670.89
1969.51
1858.35
1501.41
1196.68
1154.22
1721.95
1284.98
1565.36
1372.24
774.23
1118.19
1422.90
1017.76
1809.57
1382.69
1988.67
497.09
1849.68
1519.86
1858.32
1651.11
419.60
786.67
1776.29
629.75
1032.01
1515.49
1519.28
1721.42
1317.50
1788.81
1347.79
1740.92
812.90
1500.68
1546.79
1159.50
1545.63
1637.43
1634.06
463.00
1137.82
815.56
1443.13
1560.76
1077.70
1228.28
921.97
1125.73
1105.78
1567.61
1917.97
1899.20
1959.81
1394.40
2004.15
1773.95
1058.13
1244.04
731.01
1121.75
1517.44
1135.64
1814.15
1779.07
1547.73
907.81
1658.67
1270.78
1689.95
1868.06
2001.35
1212.34
1803.90
735.60
1574.58
1348.86
1097.04
1690.50
1397.15
1656.42
1798.87
892.19
1262.05
1546.23
692.75
1616.85
1377.03
879.25
1866.63
1516.10
2111.73
1252.66
526.59
1095.90
1529.89
1913.82
1782.88
1737.88
1296.10
1405.00
1636.65
1651.67
1414.24
1437.59
1975.36
1390.85
1596.81
1411.99
1721.24
1818.96
1786.49
1933.66
1294.81
1068.18
1118.96
1475.61
1576.80
1013.45
1928.73
1588.25
783.41
1549.98
1952.95
1583.43
1208.26
969.64
1591.77
1253.37
833.28
1346.61
1006.36
1393.36
1238.55
1281.42
1633.08
965.82
1242.48
1206.51
1214.70
1522.60
1661.32
792.03
1693.70
1161.71
369.60
1426.05
995.36
1426.92
1131.14
1681.26
1184.09
1317.82
1283.94
1757.44
1029.52
1593.90
1257.67
1647.72
1880.96
2167.91
1672.11
1310.91
623.49
1773.26
1611.09
1493.27
1427.93
1625.56
1858.54
1488.44
1533.08
1490.49
1081.84
2088.51
1804.24
1974.22
1138.78
1327.91
1590.10
1648.30
1439.75
737.43
1873.45
1482.32
1811.86
1420.14
912.88
1715.27
1726.69
1401.38
1951.77
1526.52
1560.98
739.89
1499.81
1937.84
1288.06
1615.42
1936.83
1720.83
1500.35
1864.60
1547.35
1521.93
1502.14
1520.53
1576.95
2157.53
939.77
610.21
1808.16
1498.96
1310.62
328.32
1328.53
785.79
919.10
1866.10
995.27
1543.98
1738.51
1742.63
1401.52
1832.54
1354.14
1135.33
1265.84
1933.21
1585.76
1657.66
1608.28
1349.67
1001.82
1572.80
1499.08
1280.17
1439.83
1724.39
1594.00
1162.27
1715.58
1390.75
1632.42
1859.73
1061.97
1876.82
1488.04
1810.81
1050.16
1985.53
1664.88
1960.65
1364.02
982.56
1987.21
1816.16
1542.86
931.13
1479.93
1855.04
1513.20
1545.93
1275.15
363.37
1644.11
1029.19
873.91
1267.15
2231.41
1278.61
1368.85
1694.24
1105.06
669.04
1318.99
1547.90
1396.65
1536.81
985.48
1103.63
1244.57
1531.08
1487.61
1385.97
1902.17
1660.09
1221.31
855.75
1503.78
1774.06
1546.68
1404.01
1501.27
683.43
1466.80
1061.16
780.43
1307.68
1616.68
1632.08
1850.53
1186.59
1758.04
858.43
1633.84
1860.15
1060.20
1995.24
1189.55
1861.38
644.72
582.08
1506.25
1024.15
1735.15
1283.11
1815.13
1505.70
1425.16
1633.28
1219.21
908.12
1815.94
1700.28
563.47
1233.72
890.03
1093.04
865.00
1480.95
1450.62
1555.19
2075.84
643.63
803.99
595.52
1418.97
1119.73
1549.56
1003.87
2157.66
1577.26
296.38
1553.41
970.83
665.42
1174.50
1480.28
855.63
1794.03
1822.78
1785.26
794.85
391.48
1457.09
1197.87
1565.76
1508.37
1209.97
1594.39
448.41
583.71
1669.21
1676.87
766.84
957.06
1141.17
1352.74
1446.82
1365.72
1825.20
526.12
1386.00
879.15
1535.23
1707.47
1765.05
1702.51
1498.49
1866.05
1428.70
1980.58
1236.09
1634.05
917.47
1539.60
1270.67
842.56
1625.97
1700.51
1540.48
1674.84
1442.36
1672.51
1253.85
1091.73
1369.56
1258.80
889.70
1753.41
1618.60
1541.20
1438.86
1984.15
1846.32
1753.48
462.24
1147.14
1284.89
1964.94
1568.58
1106.68
1428.75
1043.10
1892.46
1700.69
2136.57
1649.56
1453.96
1146.19
1988.64
1750.93
540.95
1253.84
910.34
1351.08
1548.88
1509.32
1495.63
1643.38
1509.86
1938.01
1392.78
1133.29
1519.75
1541.23
798.48
1541.01
1541.33
1032.45
631.37
874.47
1387.07
1205.77
1514.40
995.40
1823.27
1776.40
720.59
1504.34
1470.63
1546.33
1294.20
1332.77
1795.91
1420.31
1489.74
2164.28
1687.99
1706.41
1394.02
1186.15
1466.44
1465.84
1726.87
1740.71
645.75
1818.40
1852.59
1904.51
1741.18
1310.91
1366.41
1175.94
1277.29
1764.23
769.72
295.25
855.41
532.54
1357.70
1033.87
874.86
663.19
905.74
1553.36
1453.90
596.58
1115.01
1928.20
907.62
1776.14
1852.61
1520.39
1714.30
350.92
1468.47
1423.23
940.61
1283.14
1396.26
1152.06
1927.96
1392.42
1498.37
714.18
2209.14
1300.70
1919.75
1213.01
1408.40
1361.67
1634.06
696.06
1396.67
364.80
1466.97
1732.91
1846.53
421.46
1768.11
723.28
1122.49
986.87
1199.79
1682.84
1405.68
1532.31
1572.87
908.53
600.31
1191.02
1928.13
1837.17
1129.84
2114.98
1881.83
1689.08
920.70
1553.29
1481.66
802.24
1678.96
1203.96
1749.13
1336.76
1444.23
1646.04
1508.76
1405.30
1706.70
1755.41
1651.91
1490.48
1263.07
1563.72
1805.16
1115.72
1702.66
1197.31
886.81
1659.52
1568.59
1948.50
1036.76
1157.08
1204.54
1075.32
1881.54
1281.47
1990.99
613.97
1401.89
1462.22
1341.74
1528.75
1791.94
1997.51
1535.91
900.91
1287.97
1802.73
2053.52
430.33
1947.02
766.32
916.44
1768.12
1018.77
1472.86
603.36
1906.44
1498.54
1930.95
1733.58
1301.64
1697.16
1538.40
1903.91
1626.12
1499.45
974.42
847.74
1502.02
836.55
1698.99
1449.62
1351.60
2070.21
1634.54
1603.49
1548.35
1139.20
1758.55
1728.36
1903.62
605.33
989.66
1028.26
1514.34
1810.66
1757.83
1514.64
1864.40
1594.31
1426.52
1675.34
1752.32
1544.98
1891.80
996.09
1318.78
1038.58
1727.39
1725.14
1707.08
614.57
1416.33
794.14
1158.87
1233.53
1299.24
517.83
1447.65
1425.91
1641.74
1205.37
795.87
1106.45
1663.52
641.89
687.45
1691.96
1736.99
1158.55
1749.84
1624.51
1747.95
1661.50
1620.51
1647.05
1351.29
1716.14
1598.47
1272.76
762.29
1028.05
1103.54
1453.52
593.13
1511.78
1863.87
1713.92
1367.05
1515.53
927.89
1700.04
2132.69
1522.74
1159.85
1810.91
1246.96
1367.57
1569.43
1621.08
992.28
1219.82
1889.51
1718.34
1869.83
781.13
1626.52
1733.21
1552.61
1945.30
1692.18
1498.33
1751.97
1429.49
1765.65
1364.52
1615.30
1325.76
1513.98
1510.48
1474.77
914.69
667.61
1742.63
1612.76
1244.01
968.48
1157.37
1409.10
1312.16
617.01
771.98
1523.53
1679.04
1564.80
1495.16
1997.09
1957.48
2050.62
1187.47
1585.43
1030.75
1216.02
974.71
1844.89
623.71
1699.46
1048.21
1726.73
1846.87
1410.41
1607.61
1018.86
1515.28
1783.27
491.28
1447.75
1238.03
1463.88
1349.90
1570.30
775.69
1412.42
1544.62
205.37
745.12
1898.32
1545.21
893.24
1183.80
1784.33
645.17
692.89
1926.07
1738.68
1726.83
1874.74
1919.53
1261.09
1549.04
1220.40
1870.09
1678.97
1624.15
1556.86
2065.37
621.96
1744.45
1303.17
1579.34
1529.26
795.13
1270.88
1571.24
1513.89
814.02
1421.10
1897.27
1475.68
889.27
1457.16
1361.81
1627.96
1874.46
1854.06
603.44
176.42
893.98
1586.73
1783.94
1817.77
1561.04
1551.38
1812.00
1765.43
1704.78
621.05
1731.75
1833.77
1577.32
1724.84
1912.13
1455.05
1876.44
1461.85
1241.44
1480.46
887.99
1693.68
1524.66
1790.41
1246.72
1425.49
243.83
1828.92
1432.91
1421.20
580.24
855.55
1852.01
1546.92
1718.13
996.09
1791.51
1422.31
930.65
1775.53
1286.26
963.19
799.31
1289.26
1901.50
1891.76
1387.17
649.41
1233.71
1160.42
1068.26
1735.04
1256.91
1407.65
1331.94
1527.68
1499.50
1853.12
883.31
1424.61
1585.53
1665.99
444.12
1990.20
1496.68
2150.34
1770.17
785.73
1129.01
637.46
1658.26
1705.45
811.63
1097.34
1685.11
608.20
1169.74
864.11
1727.21
1523.32
2170.86
963.79
1242.06
1286.40
1607.44
1874.15
629.55
1894.94
1302.60
1458.38
710.52
1621.23
1513.33
1913.43
1791.57
718.06
1626.91
1223.44
1860.15
1386.82
1637.34
1728.04
748.22
1213.07
979.18
987.46
1509.19
1519.55
1757.65
1441.75
1427.73
1555.79
1297.60
1412.19
1319.90
2004.97
1031.31
1862.58
1614.69
1719.15
1506.75
1045.95
1507.06
1939.70
1711.72
847.74
1563.72
1527.57
2039.96
1694.60
1784.07
1796.12
1403.04
1498.37
1652.02
1802.85
1036.69
1551.63
807.00
1767.60
1807.75
466.60
1660.53
1885.51
1936.34
1526.24
1386.52
740.03
1194.62
1795.27
1166.49
1724.33
1258.80
782.84
1546.79
1522.33
1409.74
1780.82
1232.58
416.49
918.06
1758.32
2082.96
1848.01
1682.81
2070.61
1281.15
1595.88
1678.07
1641.13
1381.33
1473.34
1470.16
1678.13
1037.23
1553.19
1476.62
1181.65
984.46
699.87
1855.96
1330.34
1346.48
853.41
1106.27
1511.38
1606.59
1020.79
1351.68
1726.93
857.45
1897.26
937.71
752.81
1735.51
931.02
1710.15
1921.74
1116.42
1797.21
1758.13
1885.07
736.54
387.79
838.67
1565.55
1818.78
597.98
1761.24
1811.55
1268.59
1659.86
862.67
677.41
1735.40
807.06
154.02
1359.14
1832.49
1755.40
1641.75
1922.04
1604.26
2048.00
1606.80
1381.19
1258.58
1710.19
943.07
1464.07
1497.46
1813.18
1161.37
1646.83
1245.53
1601.91
1521.09
1367.68
1496.62
853.84
1857.91
1053.42
1766.65
2070.51
776.21
1822.85
165.22
1958.51
1369.28
1687.76
1792.57
1013.07
1877.59
1971.80
1663.94
1641.54
578.75
1503.19
1734.86
1494.30
1442.48
1742.81
1033.17
1937.17
1620.55
1309.23
218.37
1893.77
392.08
289.80
1230.65
906.33
1834.85
1787.47
1527.43
1833.46
1615.16
1429.09
1538.14
1132.54
775.06
1715.79
1266.94
1621.80
1288.26
1458.59
1683.75
1528.65
1524.49
707.62
1484.12
1441.43
1880.01
1061.57
707.97
943.40
1141.77
1349.83
1070.39
1649.32
1580.86
1790.10
779.35
1611.45
821.48
1999.59
1959.74
1499.11
1207.33
1503.72
820.03
1903.62
1289.88
650.23
1655.72
1049.66
875.51
495.21
923.34
524.43
1857.98
1847.37
1616.08
1302.56
1144.05
407.73
1551.43
1715.19
1162.71
433.69
1625.61
1625.42
529.31
1372.74
704.45
990.02
1192.11
2036.10
868.12
284.93
1349.20
1910.40
1526.42
1839.76
1858.48
1215.46
1644.29
1891.08
1271.75
917.07
1048.27
1728.13
1338.64
1584.17
983.77
1592.07
2183.05
1681.32
1163.44
1934.05
1895.33
1346.49
1735.03
1591.65
977.21
1892.24
1353.45
1286.80
1535.55
1748.64
1491.93
529.07
1480.17
784.64
1086.17
223.43
1697.09
1878.65
1814.27
1198.89
1424.29
1712.26
1925.64
1637.54
1315.93
1436.51
628.15
1838.71
1819.84
1079.22
1796.85
1278.40
1737.96
1891.95
1634.09
658.90
1000.89
1539.69
1813.83
1391.64
1244.80
1596.48
1413.61
1203.38
1798.74
1544.44
1796.85
1507.17
835.27
1891.21
1470.83
1659.15
1003.87
1559.93
1156.20
987.48
1513.60
1703.41
1450.59
1444.92
1931.44
1191.32
800.13
944.11
1742.44
1700.33
1695.66
1388.19
1291.84
1302.09
683.83
2044.38
890.09
2002.40
1151.74
1646.56
575.38
1338.31
1235.91
999.65
390.14
1689.40
1742.23
599.01
1207.11
2044.44
1873.12
1181.28
1850.38
1444.92
1562.94
1701.12
1521.59
2138.95
985.43
633.15
1967.48
1654.75
1479.59
1857.04
2133.20
1490.48
1649.41
1590.67
1389.61
1214.67
1184.58
1276.38
1568.80
1508.02
1912.85
1492.39
1568.60
1609.04
1613.77
1300.44
1833.74
998.30
1388.64
1400.08
1660.18
2113.13
582.08
1202.16
1406.43
1948.19
1753.68
1152.67
1930.48
1687.27
1701.67
1719.05
885.32
876.86
1821.55
400.63
1871.23
1921.53
1936.26
1746.03
1482.74
1511.64
1507.15
1856.38
321.89
1640.14
1171.56
1232.11
1980.87
1340.96
1138.51
1488.52
1621.45
1650.63
1479.72
1556.95
1344.94
1890.23
823.04
1383.23
1145.19
1276.81
682.48
740.22
904.09
1607.15
616.90
1361.92
907.60
1489.72
1883.69
1865.17
1540.24
1863.46
1512.41
1317.97
1697.75
1905.14
1196.11
573.14
1183.01
1711.40
1631.64
1957.26
1942.33
687.26
434.25
1802.28
1132.95
1842.55
852.60
1805.67
1127.45
1605.34
1201.80
1166.28
1327.30
1425.56
1919.86
1202.82
1989.92
1512.06
1407.76
1651.89
1697.69
1891.85
1681.70
1538.82
1085.48
2117.56
1033.60
823.10
1568.96
1306.98
1640.51
866.77
1329.67
1300.75
1689.11
1661.89
1970.58
1231.01
1237.50
1562.60
511.41
1686.86
1572.67
1867.18
1873.37
618.23
646.06
1685.43
1842.26
1099.60
1783.81
843.14
1191.25
1408.33
791.85
2184.21
1392.06
1128.96
1855.72
1869.43
1469.05
982.92
972.24
1491.90
1570.23
1806.19
1514.93
1631.23
1605.36
1149.60
1868.46
1697.75
1336.65
1822.89
310.55
1761.71
1400.45
1693.66
614.28
685.36
1913.26
1442.53
1286.96
961.52
1544.65
1930.51
1695.17
1380.76
1629.34
1669.52
1234.89
1794.36
1624.55
1476.27
1147.01
1319.31
920.82
1786.66
1980.17
1629.36
1977.71
2155.52
1829.83
1555.04
1643.09
681.58
969.24
1515.69
791.82
1513.58
1478.16
1850.03
1036.17
1772.33
1702.07
1610.93
1629.47
1586.51
1832.35
507.22
905.76
704.22
1399.75
722.30
1908.42
1658.50
2089.35
1661.37
1355.68
1069.81
493.14
957.74
1694.71
1443.13
1630.97
1029.85
929.53
1392.12
1338.82
1561.13
889.56
910.49
1581.29
1594.58
1989.24
838.22
1195.95
493.92
830.61
1785.26
1286.62
1774.03
1557.26
1581.46
1118.10
1839.99
1850.04
1098.02
1921.56
1532.36
1570.81
1030.70
1519.16
1771.26
351.74
1829.47
1870.35
1114.82
1526.20
1000.83
1709.43
1225.41
1482.08
1538.78
1543.77
663.27
1608.09
1677.79
1654.10
962.86
1130.17
1863.78
743.36
1791.33
1924.22
847.19
1201.69
1934.21
1362.66
790.02
1814.38
1218.98
1268.54
1424.53
1810.26
967.50
1353.21
1981.92
1571.24
1205.62
1700.36
1606.46
1356.29
973.16
1547.25
1195.12
773.04
1236.44
1435.97
369.34
1612.87
545.14
1541.60
1283.37
1772.79
1740.29
1454.67
1445.37
1484.50
371.64
936.65
1529.76
1852.66
1185.96
1663.75
1940.70
1621.44
1495.95
1520.97
1191.61
1555.38
506.03
2254.91
1477.83
1000.83
758.50
483.50
1890.82
1409.42
1437.98
1990.75
1785.50
1332.72
1592.93
1504.68
954.43
1857.34
1621.58
1616.12
1543.14
1526.54
1968.54
1510.23
1749.85
1097.65
946.42
1750.93
1826.70
1414.78
1046.09
2015.44
1461.14
1796.91
1617.44
1580.98
1519.70
1170.07
1531.74
1300.67
1881.56
1242.86
1801.67
1566.98
1591.86
2168.33
1357.53
1447.04
1602.99
1568.73
1471.83
901.39
1045.58
1607.02
1497.20
1805.33
1627.56
1306.74
867.05
1172.44
1016.89
1916.33
1134.91
1275.28
1836.41
1401.47
1745.94
2050.72
1891.00
1606.47
1650.99
1620.10
1229.59
547.33
1672.89
2077.67
1822.12
1870.93
2285.03
1715.60
1831.40
1322.40
1031.99
1312.46
1744.58
1610.62
1626.73
1254.68
1671.96
1740.44
889.91
1808.60
1428.70
1946.00
2161.77
1247.81
916.11
1635.12
1852.35
1535.77
1717.04
935.86
1915.34
1954.86
1894.09
1414.28
1515.32
1956.08
412.14
680.90
1394.88
814.30
1395.67
1228.81
1710.27
1072.55
1227.71
1213.99
1168.81
1704.22
1668.71
1399.08
1221.84
1723.81
1503.98
1548.12
942.65
1927.50
1430.79
1509.17
1304.04
1512.67
1644.30
1289.54
1049.98
363.37
848.88
1552.06
893.63
1464.69
1566.31
1591.27
2002.31
1556.41
1766.44
1636.63
1745.59
1427.60
1917.68
1442.35
1609.70
1836.62
1980.42
1490.42
1755.40
1517.45
1540.14
1827.81
1113.38
852.35
2016.41
2018.73
1425.95
967.43
1628.71
1967.51
1488.38
1644.64
1583.16
2002.70
1001.86
1691.67
741.71
1271.65
1620.70
721.88
1405.88
1378.16
1865.87
1785.65
1684.52
1203.80
1119.48
1265.30
1931.37
1823.02
1483.46
1765.45
1348.10
987.72
1705.22
1231.70
1609.85
1200.69
1529.25
1822.96
1921.34
1961.80
1514.23
938.24
1807.61
985.64
1646.26
1408.57
1719.70
1328.57
996.72
1236.76
1719.33
1526.34
1538.65
1059.23
1714.51
1611.81
1806.18
1994.28
1752.45
406.81
1386.89
1180.90
1398.89
2231.10
836.18
1607.00
1655.17
1200.37
1269.72
1865.10
1760.39
1583.81
1709.59
568.32
921.25
1180.49
1544.44
1285.19
1653.37
1579.20
1157.06
1489.02
1550.19
960.81
1645.77
1844.81
1902.39
1920.47
1813.45
1524.22
906.64
879.40
1633.61
992.84
1477.42
1507.85
1556.48
938.24
1744.62
1943.96
933.19
1739.41
969.73
911.78
1790.80
1292.46
1786.69
1865.77
1563.73
920.21
1479.62
995.63
1425.16
1594.12
1072.59
1629.68
1498.84
985.12
955.62
1490.16
1060.84
1789.61
1209.25
1322.23
1691.53
1451.33
773.95
1239.53
1524.91
817.76
602.90
645.01
370.80
1403.86
1735.86
686.46
1607.65
1626.47
1611.12
1557.31
1811.54
1905.11
839.60
1412.63
2118.04
1548.96
1811.33
1348.33
1357.05
1625.18
1368.00
1163.64
1172.12
1601.05
1664.70
1480.78
1184.23
1691.24
747.24
924.37
951.50
1634.12
961.48
1451.53
817.62
929.91
1409.44
990.50
913.75
382.79
1860.77
994.04
859.28
1842.40
766.11
1916.15
1374.70
1590.30
1841.33
1450.84
848.65
1805.78
1992.35
1826.07
634.32
996.95
904.18
1676.93
650.16
1559.89
1676.65
1496.35
1913.53
1077.40
1119.73
1690.02
1527.04
1959.54
1966.91
1525.14
1704.14
1771.53
671.04
1584.32
1061.69
1770.29
787.06
281.53
810.88
885.19
1748.38
1858.54
965.70
1521.14
1343.39
857.41
1327.82
1627.42
1423.15
1620.16
1883.41
793.13
1576.79
851.19
1852.10
1144.60
1246.65
950.31
1910.93
1382.01
1294.99
1937.14
1669.99
1249.34
1868.45
1565.03
1514.40
1945.39
1696.51
1146.77
1507.09
1361.70
1673.40
1225.25
1717.61
1129.23
1620.57
1683.30
1864.81
1851.38
2183.52
2030.22
689.23
1494.90
1976.51
1560.80
771.60
762.20
1193.01
2058.87
1370.78
1450.57
1770.41
934.06
1658.35
1576.01
1762.72
547.33
837.43
1758.57
1778.97
863.82
1179.16
1960.52
1738.94
1759.33
1721.61
1285.52
571.51
1932.82
1472.59
1248.86
2295.92
1496.94
1753.26
1292.16
1576.79
1757.43
1866.51
1801.02
887.55
1552.77
1389.38
1601.08
1925.14
1503.73
1768.76
1408.09
1796.27
847.27
698.23
1240.22
1387.15
1732.38
1136.24
1891.35
1289.88
1404.67
1480.42
1284.62
1487.77
1248.30
1956.17
1871.23
1290.37
876.06
1098.84
1222.65
2090.54
899.29
1845.77
1421.66
2120.92
1460.48
1980.27
711.99
1639.08
1394.60
1080.74
1474.55
1141.77
1117.46
1589.54
1236.85
1741.65
1558.94
1182.92
1683.45
1453.71
1520.73
1421.42
2212.32
1548.75
1401.82
1136.63
1158.87
1934.27
1571.32
1556.25
812.25
1474.09
1784.54
1614.63
1834.70
2058.85
842.78
1553.46
1769.13
1427.74
988.73
1828.64
628.03
1513.54
1619.98
1526.66
1203.06
859.06
1096.26
1777.37
1095.97
1555.10
1770.83
1576.35
1708.86
1237.13
1878.16
1635.95
1649.90
1714.28
396.69
1325.24
1138.14
1807.82
1610.89
472.63
1146.27
1320.43
1752.69
1872.86
1334.81
1860.74
1813.44
1032.44
1517.29
1952.20
1531.66
1527.45
1423.36
1250.97
1912.95
1402.34
1367.80
1194.47
1836.97
1365.71
714.49
1455.48
1903.16
906.02
1363.62
1625.11
1415.79
1513.89
914.50
783.58
1689.92
1686.31
1210.51
1155.06
1887.43
1550.86
1896.43
570.59
1606.80
803.58
1271.03
1376.04
852.29
879.10
1458.59
828.44
1858.49
1389.76
1328.46
1874.32
1339.96
1343.99
1621.88
1400.03
1278.57
1313.76
1413.59
1679.94
890.20
708.34
1020.07
554.11
2001.53
1772.19
1328.42
1206.04
481.76
1246.18
1386.90
1383.33
1263.06
2228.99
1226.26
1335.68
1503.00
1807.73
1872.24
1553.59
1726.50
1400.98
1815.72
1907.15
1490.40
1606.50
1533.85
767.16
1804.77
1245.62
1138.04
1833.86
1896.90
1845.07
1212.25
1643.57
906.79
875.81
1797.49
1244.78
1692.69
430.92
1461.94
1661.77
879.27
1594.63
1710.11
1926.57
218.37
1311.09
2019.94
1967.27
654.32
1299.76
1613.10
1842.00
1757.36
1986.54
1300.37
1519.62
806.92
1503.26
1168.08
771.85
1418.53
231.79
1890.44
677.32
688.64
1543.84
1324.43
2163.58
1282.75
1906.98
1918.88
854.69
1895.39
1535.84
2147.35
758.50
722.62
1648.42
1703.27
1596.83
631.10
1720.28
2175.27
1192.67
1173.57
685.55
1770.56
1668.50
1653.45
2002.66
1635.47
1533.23
610.34
1206.25
1709.98
1985.37
1773.68
1879.18
794.32
1612.62
1467.15
1953.61
1341.09
1337.75
1651.94
1685.65
693.31
1828.93
1319.00
1522.56
1837.60
1359.06
1327.04
1507.89
1979.87
843.60
877.09
1986.17
1784.19
550.96
1584.31
1543.89
1535.70
1826.56
1801.81
1314.93
1014.84
1675.09
1515.91
1616.18
811.14
1459.47
904.33
1494.75
1345.58
1536.17
1880.12
1717.49
927.38
1631.00
1542.92
1184.04
1365.51
1922.33
1759.55
1616.12
1716.79
1462.05
1980.04
1661.65
1823.02
1929.99
1277.06
1319.52
1535.39
1206.30
1731.53
1740.75
1822.01
1493.34
1771.21
2033.28
553.20
1343.53
646.03
1757.24
1534.49
1606.13
1411.50
780.92
1350.55
1357.44
1420.32
1273.97
1810.51
1931.69
1253.31
2024.28
694.63
1537.65
991.45
1620.75
1245.65
1192.39
1671.58
1292.40
1198.15
624.40
1438.98
1488.02
1510.05
1811.59
1730.58
1431.14
1788.77
1773.19
1497.79
1517.28
1399.42
1202.12
1421.63
1945.95
916.99
958.99
1904.22
729.19
1668.63
1546.30
1525.98
1394.06
1421.60
1391.44
1876.42
1812.93
889.99
1761.38
1176.53
756.82
1330.66
910.42
1854.92
1843.54
1522.54
1453.56
1671.41
304.43
1607.29
1212.96
1135.09
1715.57
1003.99
775.15
1766.12
955.42
1335.47
1716.95
770.30
1461.77
697.84
763.90
1452.01
1848.98
1083.01
1640.04
1571.24
1184.81
1907.97
1687.38
1600.92
1632.90
1429.63
1443.62
754.47
1761.62
1858.28
802.12
812.87
945.85
1677.53
1815.77
1150.00
1974.61
1290.71
1178.06
1989.24
1237.59
1963.19
844.11
1422.26
1541.94
915.88
1906.98
1319.31
1161.23
1793.58
1299.53
1004.23
1803.97
1944.19
1548.33
1712.75
1235.21
1182.55
1445.58
1667.13
1299.83
1944.90
1689.75
1365.70
1244.40
828.00
1774.63
1578.13
1287.34
1444.04
1903.81
2238.50
698.14
1768.20
1697.52
856.95
286.21
1515.42
1410.57
1407.25
1134.94
814.00
1588.54
1708.06
1486.93
1731.64
1667.19
1461.84
975.64
1126.00
1031.17
1203.80
1213.43
1051.49
1098.31
635.80
1006.95
1768.31
2025.64
1718.86
1954.10
1250.05
1627.68
1655.74
1297.51
1347.46
1909.35
1044.06
1698.82
1688.57
2110.70
1557.35
1438.17
1481.26
1943.04
947.67
875.30
1431.31
1562.19
992.54
981.87
1112.99
1288.88
1905.61
1414.85
1273.66
1830.17
1667.61
1656.47
302.20
356.53
1952.40
1702.48
931.47
1847.83
891.28
1094.05
754.08
1661.35
1242.38
1998.46
890.73
1583.99
1399.52
674.67
1894.52
1204.41
695.56
1311.72
1712.73
1602.48
1376.89
1914.83
1479.45
614.75
1837.41
2039.07
1412.07
2129.76
1150.28
2190.25
1072.33
1802.08
1025.03
1484.06
928.27
1190.08
1382.00
1486.43
1352.70
1520.81
828.06
749.43
1523.15
1205.61
1919.08
1763.34
1572.19
743.90
1460.23
1095.65
813.05
1672.83
726.91
1491.22
1346.66
1421.25
1468.63
1745.94
1009.26
936.61
1831.81
1361.97
1876.44
918.15
823.04
1778.53
1150.93
1275.07
1678.61
1557.79
1217.12
236.11
1848.15
1300.66
1906.98
1301.34
1524.06
1264.64
1980.12
1749.78
1625.68
1627.44
1787.70
706.03
1942.41
1525.96
1505.80
1757.15
1747.05
1467.53
1368.66
1867.93
1736.69
1086.21
1747.54
1314.42
999.04
845.84
1471.36
1994.13
1165.28
923.95
1643.79
794.57
1546.92
1276.49
1171.73
1440.51
1510.80
1533.54
1112.37
1702.32
1255.70
1173.65
1144.01
1502.47
1544.32
1482.19
1035.67
1369.97
901.22
1784.72
1257.39
1648.29
1065.58
2183.08
1862.13
1262.81
1890.72
1236.95
1779.98
1384.04
1227.87
1336.05
1557.79
1296.67
668.96
1561.63
1507.24
976.24
2012.20
1207.48
1809.95
1130.58
1393.71
1196.84
1893.53
1528.64
1919.09
1621.93
1593.77
1834.49
778.22
1640.13
817.08
1400.44
1043.99
1280.55
1118.09
1914.01
1779.62
1562.60
1189.35
1045.06
1340.28
2035.65
1858.61
661.40
1235.12
1133.88
1603.53
1508.87
1521.76
1678.26
1463.56
180.37
1529.75
1804.33
1449.33
1653.17
1103.09
1926.42
1833.07
1215.73
591.90
2148.52
1174.57
1712.62
1737.35
1375.90
1987.70
1267.84
1751.40
1804.40
444.81
1445.83
272.00
1808.20
810.88
939.53
1940.85
1997.74
869.92
1487.98
1590.60
1980.21
1700.33
236.00
1603.84
1117.42
1852.18
1230.78
1993.60
1955.15
2070.95
1455.23
1678.84
1223.48
1529.86
682.71
1712.97
1511.78
976.42
1115.79
1797.66
1312.03
1782.56
286.83
1739.34
1737.36
981.95
1141.65
852.27
1571.25
1276.79
1232.96
1267.89
1107.34
1561.25
1515.89
1139.36
1414.67
1630.52
1434.75
1578.15
1403.64
1797.76
1941.11
1141.42
1219.50
1022.14
1621.15
843.50
616.32
1290.29
825.23
1894.50
1444.00
920.29
1879.22
1043.12
1910.29
1238.50
1222.56
1381.25
712.35
1291.21
1308.06
1450.93
1865.01
829.13
1354.05
1447.27
1770.24
630.86
1368.35
1384.08
914.32
1871.33
1759.19
960.44
1365.07
1286.61
1658.30
1711.72
1377.12
1181.84
841.17
2033.89
1249.45
2052.34
1148.09
917.35
1928.17
1455.48
1477.59
1239.45
1368.50
1536.71
1289.71
1305.31
872.51
1394.85
1391.42
1399.38
1449.09
793.82
1384.51
1112.81
1283.86
1408.58
1687.38
1876.48
1654.06
1231.38
1962.32
950.35
1678.48
1236.57
1572.37
1158.93
1234.82
1570.23
1657.72
1703.17
800.59
1253.16
2147.66
1792.52
1806.48
1320.15
1691.06
1797.71
2044.80
1562.98
1501.86
1554.99
1830.62
1480.80
1160.00
1447.21
1482.26
1347.43
621.81
1119.94
1870.47
1286.26
1577.92
1943.82
1805.25
1574.79
862.85
1560.07
1844.61
388.44
1463.67
1297.84
1669.64
1669.84
1154.01
1416.77
736.79
557.85
1290.17
1669.84
2028.54
1941.45
1813.18
1199.06
1719.61
1706.10
1971.61
902.75
1796.23
657.28
905.15
1053.87
1502.35
1022.13
1595.91
1238.41
1584.22
1543.89
1814.64
1469.39
1386.39
1730.75
1316.02
1529.82
1919.64
1624.24
974.47
1288.24
1738.65
1224.26
1402.92
925.39
929.99
1551.35
1819.62
1006.68
800.11
1237.33
1728.30
1402.15
1399.42
993.63
1830.62
1682.53
1597.72
1686.27
1445.16
1236.79
637.12
1336.91
881.64
932.70
1822.19
1958.54
1349.71
1998.21
998.17
1224.01
1042.90
929.44
1126.36
1325.69
1542.96
1520.61
807.36
1525.65
1783.58
1470.08
1273.28
1700.32
1517.43
1970.21
1197.13
906.20
1432.33
1703.88
1262.69
1251.12
1621.66
1195.58
557.79
1658.08
1649.73
884.68
1154.86
1184.65
946.53
1654.15
1529.86
1263.42
1188.78
1681.64
1644.12
1638.27
1887.35
1513.52
1465.88
1747.04
1721.39
1671.50
1970.93
1863.77
1522.25
1722.29
1167.76
1488.16
1272.50
1222.29
1754.86
1308.69
1174.17
1712.98
687.37
1950.27
1253.97
1001.51
1037.17
1954.47
1560.05
1525.33
1713.33
1424.20
1640.43
817.22
1396.68
884.27
1503.85
1705.79
1053.52
1486.11
1488.37
1019.98
1267.79
884.29
1537.91
1856.89
1012.65
1271.45
699.10
1606.78
543.39
1014.97
766.84
1446.59
1510.09
2029.88
2119.69
1359.76
1934.76
737.14
824.65
1905.30
1634.68
739.74
1474.48
1513.93
1225.52
1837.76
1502.23
1053.03
2134.38
2054.47
1984.17
1655.05
1568.71
834.15
1548.58
1197.40
1537.34
1506.94
1009.61
581.05
1733.92
1439.72
849.98
1474.48
1660.70
1251.95
1593.77
1826.38
1033.13
814.38
1313.34
1762.15
684.05
600.86
613.37
1838.96
1698.97
1376.53
1903.18
1287.99
1955.21
1623.98
1475.75
1665.24
1952.42
1536.49
1296.71
1552.09
915.03
715.71
1524.70
1597.10
1568.00
1569.47
870.55
1830.44
1824.17
1693.60
1969.17
1569.62
1747.18
1433.27
2045.35
1760.36
1211.08
764.25
875.20
1746.88
1006.25
1710.73
1736.66
1482.67
1205.72
1433.07
1387.37
1601.18
771.63
1204.75
1841.13
789.07
1650.58
998.48
1614.90
1535.67
1186.52
803.26
1526.37
1310.88
1223.71
1522.97
1267.02
1737.75
1187.46
1546.83
1432.80
1844.00
990.28
1801.35
1726.47
1563.07
529.92
631.72
1843.37
1051.60
849.48
1583.49
931.39
1692.53
1707.14
1638.05
1836.51
1692.20
1544.73
1931.78
1813.45
1257.85
1432.34
1505.22
1579.33
1202.76
1125.18
1516.85
1386.89
1230.04
1658.09
1658.45
1188.62
1534.99
1759.88
654.91
695.42
1739.41
1423.87
1444.27
1731.80
1625.78
1233.45
1036.83
1672.60
1409.22
967.13
1896.48
1450.16
1827.82
1567.67
1775.72
1029.52
1471.48
1719.75
1771.74
2155.14
1025.32
613.15
1361.21
1442.97
941.37
708.46
1792.71
1178.23
1769.92
1240.57
1738.39
1837.83
1708.77
1001.16
1514.62
1673.21
1174.08
678.22
664.67
1210.55
1874.15
1713.68
717.07
1264.75
1516.68
1671.05
1569.30
1751.87
1963.25
1823.02
1487.37
1972.32
974.14
1201.89
468.07
1725.79
1529.89
1354.28
1512.18
1662.72
2168.09
1841.41
1704.78
1346.99
1413.38
1443.84
1576.84
2003.99
1889.24
1406.57
829.35
1622.43
1213.98
1319.97
1383.55
1416.63
1885.67
1016.75
891.42
1267.88
365.28
1627.30
1495.15
1481.31
1500.21
921.52
1137.92
1290.29
1009.30
517.83
1587.10
815.91
1603.42
892.65
1631.72
974.95
1911.56
1802.24
1739.65
1527.97
1867.85
1341.19
2004.24
437.14
1228.06
2162.06
1067.57
1251.08
1517.05
1520.47
385.04
1536.99
1517.38
1326.33
1867.58
1839.71
349.03
1507.00
503.60
1620.75
1411.33
1663.52
1443.85
1767.73
1984.66
524.68
190.39
1353.85
1126.55
1211.47
1180.50
824.28
1687.17
849.20
1864.73
1512.13
796.43
846.79
1211.05
1717.39
1845.99
781.22
1645.93
1559.10
1173.42
570.89
756.14
1511.27
1239.65
961.17
1487.67
854.76
1631.37
665.23
1277.75
1715.89
1610.53
2083.52
1601.43
1510.27
904.61
1737.54
778.01
1618.16
1188.81
1636.27
1307.28
1250.29
1508.76
1539.36
1606.79
1438.35
1964.29
1775.53
1690.11
805.19
1770.79
1357.39
1536.16
1943.40
1674.33
1750.34
787.86
1251.02
1172.29
1908.01
1498.09
1775.47
1600.17
796.51
1578.73
1656.17
1943.36
1043.11
1019.05
841.59
1490.74
2207.19
1005.29
1817.77
1634.87
1274.65
672.86
1726.59
864.32
1388.62
623.42
1109.67
1202.34
1291.97
1826.66
1975.04
881.53
1704.50
823.67
684.88
1438.16
1187.71
706.72
1559.33
1809.66
1175.53
1528.68
1116.11
1319.06
1553.60
1526.42
1176.11
1248.45
1419.25
440.40
667.47
1601.76
1247.89
1200.78
1133.79
1311.18
1065.92
894.27
1811.24
792.79
881.63
1518.86
1674.68
1612.59
1152.12
1615.71
1582.05
1688.24
1466.69
1840.40
1527.61
1627.16
1791.84
963.38
1721.03
1532.85
1836.80
1393.61
1163.06
1770.53
1407.80
1838.52
1960.35
1911.62
1888.50
1628.28
1284.30
1557.74
1722.94
1184.25
1383.06
1082.91
1563.78
1938.34
1851.71
1929.35
1401.83
922.07
1453.32
1696.45
1696.15
1751.04
609.06
1548.61
426.03
1356.87
1943.95
1514.36
1557.13
994.77
962.86
1652.74
1397.49
1292.83
1507.24
1312.18
1922.79
1656.50
647.55
1231.29
1773.79
1337.03
1307.62
1513.88
1547.14
1015.35
671.58
508.72
1774.74
910.31
1767.94
1849.20
1570.30
1581.49
2051.34
846.38
1410.90
1509.80
1367.00
1335.35
754.45
1906.01
1597.13
1438.25
459.33
1149.74
1590.94
1590.27
974.95
1969.76
907.68
864.40
1444.53
1269.94
1790.39
727.68
904.02
1750.99
2194.97
1517.42
1311.08
1125.79
670.37
1747.81
1372.35
1741.10
381.19
1727.28
1809.08
1717.65
1590.48
1868.18
901.05
815.73
1774.72
1713.71
1627.01
1410.84
1169.19
1449.42
1013.42
876.11
1949.72
1020.71
1412.15
1446.48
1045.97
1176.36
1563.43
1914.26
1321.23
507.15
1393.57
1078.34
1460.51
1532.91
1227.69
1747.75
1516.45
1595.69
1943.96
1444.72
1039.87
1518.56
2209.27
1232.89
1575.19
1487.20
1053.18
1355.28
1473.75
1079.61
1568.60
775.35
1434.24
1005.64
1269.83
1526.62
704.50
1429.18
1943.99
857.13
2150.25
962.80
1155.72
994.93
1609.62
1848.15
1376.46
1511.81
1298.27
955.59
763.78
1856.88
1243.72
1894.19
1669.73
1729.39
1075.51
1254.55
1398.95
1864.81
1200.10
1325.69
1705.26
797.01
1886.24
1934.47
1897.75
1854.71
1863.13
1016.03
1712.25
286.21
1411.65
1160.31
1375.43
830.30
2163.25
1381.54
1392.00
912.11
1922.86
881.54
148.82
917.10
1024.90
1868.39
2033.63
1790.26
1641.25
1958.24
1277.49
1634.68
1096.89
1257.60
1497.31
913.99
807.68
1682.31
1219.62
625.50
1404.30
1745.56
1380.46
1616.50
1813.58
1210.54
1973.99
1641.06
1526.52
1682.17
1408.51
1215.14
848.52
1043.61
470.86
1646.26
1649.18
1719.18
1489.57
1261.27
1389.20
1324.95
589.16
1827.39
1762.53
1472.05
1838.79
1555.37
1375.01
2168.63
829.63
1256.56
721.71
1683.35
1414.58
979.37
1239.83
1864.17
1730.31
1628.34
1321.10
806.82
2059.99
884.16
1491.24
1424.56
1190.74
1500.64
1386.05
1404.56
1181.45
918.03
1938.36
1586.68
707.43
1775.43
1353.77
1577.62
567.36
1816.11
1442.93
524.17
1156.54
1432.09
293.17
1386.33
1279.86
1395.74
1695.70
1259.77
1178.86
1722.49
2214.26
634.27
1560.38
717.07
1444.43
1450.21
1224.53
1934.56
1699.08
1814.51
1517.24
1409.76
1911.90
1105.78
1772.45
1484.21
1293.01
1239.56
1756.92
481.43
1068.03
978.24
880.24
1765.61
785.39
997.81
1928.62
1505.15
1251.30
423.75
1262.68
1030.53
843.29
1163.34
885.89
1625.62
1678.30
1878.10
1424.58
1729.49
800.74
1640.00
1719.79
1590.87
1567.69
2114.71
1214.76
1564.80
1422.83
1339.48
2036.54
1867.48
1500.40
996.15
1748.21
774.59
1447.85
822.17
1840.66
1573.23
1216.26
1654.67
1606.78
2084.77
1628.51
187.99
1579.08
1718.55
1355.43
1018.32
1395.97
1550.70
1394.21
945.01
1920.42
1666.78
1560.11
2050.67
2000.02
1623.83
1344.32
1565.62
1571.56
1439.74
395.31
1564.39
1807.75
1213.69
1163.47
1740.07
648.99
596.71
651.76
1845.61
1294.44
